1 60
2 56
3 60
4 60
5 60
6 56
7 60
8 60
9 60
10 59
11 60
12 60
13 60
14 60
15 60
16 60
17 60
18 60
19 60
20 60
21 60
22 60
23 60
24 60
25 60
26 60
27 59
28 60
29 60
30 60
31 60
32 60
33 60
34 60
35 60
36 60
37 60
38 60
39 60
40 60
41 60
42 60
43 59
44 60
45 60
46 60
47 60
48 60
49 60
50 60
1 42
2 42
3 42
4 42
5 60
6 60
7 60
8 60
9 60
10 60
11 60
12 60
13 60
14 60
15 60
16 60
17 60
18 60
19 60
20 60
21 60
22 60
23 60
24 60
25 60
26 60
27 60
28 60
29 60
30 60
1 43
2 43
3 43
4 43
5 60
6 60
7 60
8 60
9 60
10 60
11 60
12 60
13 60
14 60
15 60
16 60
17 60
18 60
19 60
20 60
21 60
22 60
23 60
24 60
25 60
26 60
27 60
28 60
29 60
30 60
31 60
32 60
33 60
34 60
35 60
36 60
37 60
38 58
39 58
40 58
41 58
42 58
43 58
44 58
45 58
46 58
47 58
48 58
49 58
50 58
51 58
52 58
53 58
54 58
55 58
56 58
57 58
58 58
59 58
60 58
61 61
62 61
63 61
64 61
65 61
66 61
67 61
68 61
69 61
70 61
71 61
72 61
73 61
74 61
75 61
76 61
77 61
78 61
79 61
80 61
81 61
82 61
83 61
84 61
85 61
86 61
87 61
88 61
89 61
90 61
91 61
92 61
93 61
94 61
95 61
96 61
97 61
98 61
99 61
100 61
101 61
102 61
103 61
104 61
105 61
106 61
107 61
108 61
109 61
110 61
111 61
112 61
113 61
114 61
115 61
116 61
117 61
118 61
119 61
120 59
121 59
122 59
123 59
124 59
125 59
126 59
127 59
128 59
129 59
130 59
131 59
132 59
133 59
134 59
135 59
136 59
137 59
138 59
139 59
140 59
141 59
142 59
143 59
144 59
145 59
146 59
147 59
148 59
149 59
150 59
151 59
152 59
153 59
154 59
155 59
156 59
157 59
158 59
159 59
160 59
161 59
162 59
163 59
164 59
165 59
166 59
167 59
168 59
169 59
170 59
171 59
172 59
173 59
174 59
175 59
176 59
177 59
178 59
179 59
180 59
181 59
182 59
183 59
184 59
185 59
186 59
187 59
188 59
189 59
190 59
191 59
192 59
193 59
194 59
195 59
196 59
197 59
198 59
199 59
200 59
201 59
202 59
203 59
204 59
205 59
206 59
207 59
208 59
209 59
210 59
211 59
212 59
213 59
214 59
215 59
216 59
217 59
218 59
219 59
220 59
221 59
222 59
223 59
224 59
225 59
226 59
227 59
228 59
229 59
230 59
231 59
232 59
233 59
234 59
235 59
236 59
237 59
238 59
239 59
240 59
241 57
242 57
243 57
244 57
245 57
246 57
247 57
248 57
249 57
250 57
251 57
252 57
253 57
254 57
255 57
256 57
257 57
258 57
259 57
260 57
261 57
262 57
263 57
264 57
265 57
266 57
267 57
268 57
269 57
270 57
271 57
272 57
273 57
274 57
275 57
276 57
277 57
278 57
279 57
280 57
281 57
282 57
283 57
284 57
285 57
286 57
287 57
288 57
289 57
290 57
291 57
292 57
293 57
294 57
295 57
296 57
297 57
298 57
299 57
300 57
301 61
302 61
303 61
304 61
305 61
306 61
307 61
308 61
309 61
310 61
311 61
312 61
313 61
314 61
315 61
316 61
317 61
318 61
319 61
320 61
321 61
322 61
323 61
324 61
325 61
326 61
327 61
328 61
329 61
330 61
331 61
332 61
333 61
334 61
335 61
336 61
337 61
338 61
339 61
340 61
341 61
342 61
343 61
344 61
345 61
346 61
347 61
348 61
349 61
350 61
351 61
352 61
353 60
354 60
355 60
356 60
357 60
358 60
359 60
360 60
361 60
362 60
363 60
364 60
365 60
366 60
367 60
368 60
369 60
370 60
371 60
372 60
373 60
374 60
375 60
376 60
377 60
378 60
379 60
380 60
381 60
382 60
383 60
384 60
385 60
386 60
387 60
388 60
389 60
390 60
391 60
392 60
393 60
394 60
395 60
396 60
397 60
398 60
399 60
400 60
401 60
402 60
403 60
404 60
405 60
406 60
407 60
408 60
409 60
410 60
411 60
412 60
413 60
414 60
415 60
416 60
417 60
418 60
419 60
420 60
421 60
422 60
423 60
424 60
425 60
426 60
427 60
428 60
429 60
430 60
431 60
432 60
433 60
434 60
435 60
436 60
437 60
438 60
439 60
440 60
441 60
442 60
443 60
444 60
445 60
446 60
447 60
448 60
449 60
450 60
451 60
452 60
453 60
454 60
455 60
456 59
457 59
458 59
459 59
460 59
461 59
462 59
463 59
464 59
465 59
466 59
467 59
468 59
469 59
470 59
471 59
472 59
473 59
474 59
475 59
476 59
477 59
478 59
479 59
480 59
481 59
482 59
483 59
484 59
485 59
486 59
487 59
488 59
489 59
490 59
491 59
492 59
493 59
494 59
495 59
496 59
497 59
498 59
499 59
500 59
501 59
502 59
503 59
504 59
505 59
506 59
507 59
508 59
509 59
510 59
511 59
512 59
513 59
514 59
515 59
516 59
517 59
518 59
519 59
520 59
521 59
522 59
523 59
524 59
525 59
526 59
527 59
528 59
529 59
530 59
531 59
532 59
533 59
534 59
535 59
536 59
537 59
538 59
539 59
540 59
541 59
542 59
543 59
544 59
545 59
546 59
547 59
548 59
549 59
550 59
551 59
552 59
553 59
554 59
555 59
556 59
557 59
558 59
559 59
560 59
561 59
562 59
563 59
564 59
565 59
566 59
567 59
568 59
569 59
570 59
571 59
572 59
573 59
574 59
575 60
576 60
577 60
578 60
579 60
580 60
581 60
582 60
583 60
584 60
585 60
586 60
587 60
588 60
589 60
590 60
591 60
592 60
593 60
594 60
595 60
596 60
597 60
598 60
599 60
600 60
601 60
602 60
603 60
604 60
605 60
606 60
607 60
608 60
609 60
610 60
611 60
612 60
613 60
614 60
615 60
616 60
617 60
618 60
619 60
620 60
621 60
622 60
623 60
624 60
625 60
626 60
627 60
628 60
629 60
630 60
631 60
632 60
633 60
634 60
635 58
636 58
637 58
638 58
639 58
640 58
641 58
642 58
643 58
644 58
645 58
646 58
647 58
648 58
649 58
650 58
651 58
652 58
653 58
654 58
655 58
656 58
657 58
658 58
659 58
660 58
661 58
662 58
663 58
664 58
665 58
666 58
667 58
668 58
669 58
670 58
671 58
672 58
673 58
674 58
675 58
676 58
677 58
678 58
679 58
680 58
681 58
682 58
683 58
684 58
685 58
686 58
687 58
688 58
689 58
690 58
691 58
692 58
693 58
694 58
695 51
696 51
697 51
698 51
699 51
700 51
701 51
702 51
703 51
704 51
705 51
706 51
707 51
708 51
709 51
710 51
711 51
712 51
713 51
714 51
715 51
716 51
717 51
718 51
719 51
720 51
721 51
722 51
723 51
724 51
725 51
726 51
727 51
728 51
729 51
730 51
731 51
732 51
733 51
734 51
735 51
736 51
737 51
738 51
739 51
740 51
741 51
742 51
743 51
744 51
745 51
746 51
747 51
748 51
749 51
750 51
751 51
752 51
753 51
754 51
755 51
756 51
757 51
758 51
759 51
760 51
761 51
762 51
763 51
764 51
765 51
766 51
767 51
768 51
769 51
770 51
771 51
772 51
773 51
774 51
775 51
776 51
777 51
778 51
779 51
780 51
781 51
782 51
783 51
784 51
785 51
786 51
787 51
788 51
789 51
790 51
791 51
792 51
793 51
794 51
795 51
796 51
797 51
798 51
799 51
800 51
801 51
802 51
803 51
804 51
805 51
806 51
807 51
808 51
809 51
810 51
811 51
812 51
813 51
814 51
815 46
816 46
817 46
818 46
819 46
820 46
821 46
822 46
823 46
824 46
825 46
826 46
827 46
828 46
829 46
830 46
831 46
832 46
833 46
834 46
835 46
836 46
837 46
838 46
839 46
840 46
841 46
842 46
843 46
844 46
845 46
846 46
847 46
848 46
849 46
850 46
851 46
852 46
853 46
854 46
855 46
856 46
857 46
858 46
859 46
860 46
861 46
862 46
863 46
864 46
865 46
866 46
867 46
868 46
869 46
870 46
871 46
872 46
873 46
874 46
875 44
876 44
877 44
878 44
879 44
880 44
881 44
882 44
883 44
884 44
885 44
886 44
887 44
888 44
889 44
890 44
891 44
892 44
893 44
894 44
895 44
896 44
897 44
898 44
899 44
900 44
901 44
902 44
903 44
904 44
905 44
906 44
907 44
908 44
909 44
910 44
911 44
912 44
913 44
914 44
915 44
916 44
917 44
918 44
919 44
920 44
921 44
922 44
923 44
924 44
925 44
926 44
927 44
928 44
929 44
930 44
931 44
932 44
933 44
934 44
935 42
936 42
937 42
938 42
939 42
940 42
941 42
942 42
943 42
944 42
945 42
946 42
947 42
948 42
949 42
950 42
951 42
952 42
953 42
954 42
955 42
956 42
957 42
958 42
959 42
960 42
961 42
962 42
963 42
964 42
965 42
966 42
967 42
968 42
969 42
970 42
971 42
972 42
973 42
974 42
975 42
976 42
977 42
978 42
979 42
980 42
981 42
982 42
983 42
984 42
985 42
986 42
987 42
988 42
989 42
990 42
991 42
992 42
993 42
994 42
995 41
996 41
997 41
998 41
999 41
1000 41
1001 41
1002 41
1003 41
1004 41
1005 41
1006 41
1007 41
1008 41
1009 41
1010 41
1011 41
1012 41
1013 41
1014 41
1015 41
1016 41
1017 41
1018 41
1019 41
1020 41
1021 41
1022 41
1023 41
1024 41
1025 41
1026 41
1027 41
1028 41
1029 41
1030 41
1031 41
1032 41
1033 41
1034 41
1035 41
1036 41
1037 41
1038 41
1039 41
1040 41
1041 41
1042 41
1043 41
1044 41
1045 41
1046 41
1047 41
1048 41
1049 41
1050 41
1051 41
1052 41
1053 41
1054 41
1055 39
1056 39
1057 39
1058 39
1059 39
1060 39
1061 39
1062 39
1063 39
1064 39
1065 39
1066 39
1067 39
1068 39
1069 39
1070 39
1071 39
1072 39
1073 39
1074 39
1075 39
1076 39
1077 39
1078 39
1079 39
1080 39
1081 39
1082 39
1083 39
1084 39
1085 39
1086 39
1087 39
1088 39
1089 39
1090 39
1091 39
1092 39
1093 39
1094 39
1095 39
1096 39
1097 39
1098 39
1099 39
1100 39
1101 39
1102 39
1103 39
1104 39
1105 39
1106 39
1107 39
1108 39
1109 39
1110 39
1111 39
1112 39
1113 39
1114 39
1115 40
1116 40
1117 40
1118 40
1119 40
1120 40
1121 40
1122 40
1123 40
1124 40
1125 40
1126 40
1127 40
1128 40
1129 40
1130 40
1131 40
1132 40
1133 40
1134 40
1135 40
1136 40
1137 40
1138 40
1139 40
1140 40
1141 40
1142 40
1143 40
1144 40
1145 40
1146 40
1147 40
1148 40
1149 40
1150 40
1151 40
1152 40
1153 40
1154 40
1155 40
1156 40
1157 40
1158 40
1159 40
1160 40
1161 40
1162 40
1163 40
1164 40
1165 40
1166 40
1167 40
1168 40
1169 40
1170 40
1171 40
1172 40
1173 40
1174 37
1175 37
1176 37
1177 37
1178 37
1179 37
1180 37
1181 37
1182 37
1183 37
1184 37
1185 37
1186 37
1187 37
1188 37
1189 37
1190 37
1191 37
1192 37
1193 37
1194 37
1195 37
1196 37
1197 37
1198 37
1199 37
1200 37
1201 37
1202 37
1203 37
1204 37
1205 37
1206 37
1207 37
1208 37
1209 37
1210 37
1211 37
1212 37
1213 37
1214 37
1215 37
1216 37
1217 37
1218 37
1219 37
1220 37
1221 37
1222 37
1223 37
1224 37
1225 37
1226 37
1227 37
1228 37
1229 37
1230 37
1231 37
1232 37
1233 37
1234 37
1235 37
1236 37
1237 37
1238 37
1239 37
1240 37
1241 37
1242 37
1243 37
1244 37
1245 37
1246 37
1247 37
1248 37
1249 37
1250 37
1251 37
1252 37
1253 37
1254 37
1255 37
1256 37
1257 37
1258 37
1259 37
1260 37
1261 37
1262 37
1263 37
1264 37
1265 37
1266 37
1267 37
1268 37
1269 37
1270 37
1271 37
1272 37
1273 37
1274 37
1275 37
1276 37
1277 37
1278 37
1279 37
1280 37
1281 37
1282 37
1283 37
1284 37
1285 37
1286 37
1287 37
1288 37
1289 37
1290 37
1291 37
1292 37
1293 37
1294 36
1295 36
1296 36
1297 36
1298 36
1299 36
1300 36
1301 36
1302 36
1303 36
1304 36
1305 36
1306 36
1307 36
1308 36
1309 36
1310 36
1311 36
1312 36
1313 36
1314 36
1315 36
1316 36
1317 36
1318 36
1319 36
1320 36
1321 36
1322 36
1323 36
1324 36
1325 36
1326 36
1327 36
1328 36
1329 36
1330 36
1331 36
1332 36
1333 36
1334 36
1335 36
1336 36
1337 36
1338 36
1339 36
1340 36
1341 36
1342 36
1343 36
1344 36
1345 36
1346 36
1347 36
1348 36
1349 36
1350 36
1351 36
1352 36
1353 36
1354 32
1355 32
1356 32
1357 32
1358 32
1359 32
1360 32
1361 32
1362 32
1363 32
1364 32
1365 32
1366 32
1367 32
1368 32
1369 32
1370 32
1371 32
1372 32
1373 32
1374 32
1375 32
1376 32
1377 32
1378 32
1379 32
1380 32
1381 32
1382 32
1383 32
1384 32
1385 32
1386 32
1387 32
1388 32
1389 32
1390 32
1391 32
1392 32
1393 32
1394 32
1395 32
1396 32
1397 32
1398 32
1399 32
1400 32
1401 32
1402 32
1403 32
1404 32
1405 32
1406 32
1407 32
1408 32
1409 32
1410 32
1411 32
1412 32
1413 32
1414 32
1415 34
1416 34
1417 34
1418 34
1419 34
1420 34
1421 34
1422 34
1423 34
1424 34
1425 34
1426 34
1427 34
1428 34
1429 34
1430 34
1431 34
1432 34
1433 34
1434 34
1435 34
1436 34
1437 34
1438 34
1439 34
1440 34
1441 34
1442 34
1443 34
1444 34
1445 34
1446 34
1447 34
1448 34
1449 34
1450 34
1451 34
1452 34
1453 34
1454 34
1455 34
1456 34
1457 34
1458 34
1459 34
1460 34
1461 34
1462 34
1463 34
1464 34
1465 34
1466 34
1467 34
1468 34
1469 34
1470 34
1471 34
1472 34
1473 34
1474 34
1475 32
1476 32
1477 32
1478 32
1479 32
1480 32
1481 32
1482 32
1483 32
1484 32
1485 32
1486 32
1487 32
1488 32
1489 32
1490 32
1491 32
1492 32
1493 32
1494 32
1495 32
1496 32
1497 32
1498 32
1499 32
1500 32
1501 32
1502 32
1503 32
1504 32
1505 32
1506 32
1507 32
1508 32
1509 32
1510 32
1511 32
1512 32
1513 32
1514 32
1515 32
1516 32
1517 32
1518 32
1519 32
1520 32
1521 32
1522 32
1523 32
1524 32
1525 32
1526 32
1527 32
1528 32
1529 32
1530 32
1531 32
1532 32
1533 32
1534 32
1535 31
1536 31
1537 31
1538 31
1539 31
1540 31
1541 31
1542 31
1543 31
1544 31
1545 31
1546 31
1547 31
1548 31
1549 31
1550 31
1551 31
1552 31
1553 31
1554 31
1555 31
1556 31
1557 31
1558 31
1559 31
1560 31
1561 31
1562 31
1563 31
1564 31
1565 31
1566 31
1567 31
1568 31
1569 31
1570 31
1571 31
1572 31
1573 31
1574 31
1575 31
1576 31
1577 31
1578 31
1579 31
1580 31
1581 31
1582 31
1583 31
1584 31
1585 31
1586 31
1587 31
1588 31
1589 31
1590 31
1591 31
1592 31
1593 31
1594 30
1595 30
1596 30
1597 30
1598 30
1599 30
1600 30
1601 30
1602 30
1603 30
1604 30
1605 30
1606 30
1607 30
1608 30
1609 30
1610 30
1611 30
1612 30
1613 30
1614 30
1615 30
1616 30
1617 30
1618 30
1619 30
1620 30
1621 30
1622 30
1623 30
1624 30
1625 30
1626 30
1627 30
1628 30
1629 30
1630 30
1631 30
1632 30
1633 30
1634 30
1635 30
1636 30
1637 30
1638 30
1639 30
1640 30
1641 30
1642 30
1643 30
1644 30
1645 30
1646 30
1647 30
1648 30
1649 30
1650 30
1651 30
1652 30
1653 30
1654 30
1655 30
1656 30
1657 30
1658 30
1659 30
1660 30
1661 30
1662 30
1663 30
1664 30
1665 30
1666 30
1667 30
1668 30
1669 30
1670 30
1671 30
1672 30
1673 30
1674 30
1675 30
1676 30
1677 30
1678 30
1679 30
1680 30
1681 30
1682 30
1683 30
1684 30
1685 30
1686 30
1687 30
1688 30
1689 30
1690 30
1691 30
1692 30
1693 30
1694 30
1695 30
1696 30
1697 30
1698 30
1699 30
1700 30
1701 30
1702 30
1703 30
1704 30
1705 30
1706 30
1707 30
1708 30
1709 30
1710 30
1711 30
1712 30
1713 30
1714 29
1715 29
1716 29
1717 29
1718 29
1719 29
1720 29
1721 29
1722 29
1723 29
1724 29
1725 29
1726 29
1727 29
1728 29
1729 29
1730 29
1731 29
1732 29
1733 29
1734 29
1735 29
1736 29
1737 29
1738 29
1739 29
1740 29
1741 29
1742 29
1743 29
1744 29
1745 29
1746 29
1747 29
1748 29
1749 29
1750 29
1751 29
1752 29
1753 29
1754 29
1755 29
1756 29
1757 29
1758 29
1759 29
1760 29
1761 29
1762 29
1763 29
1764 29
1765 29
1766 29
1767 29
1768 29
1769 29
1770 29
1771 29
1772 29
1773 29
1774 29
1775 28
1776 28
1777 28
1778 28
1779 28
1780 28
1781 28
1782 28
1783 28
1784 28
1785 28
1786 28
1787 28
1788 28
1789 28
1790 28
1791 28
1792 28
1793 28
1794 28
1795 28
1796 28
1797 28
1798 28
1799 28
1800 28
1801 28
1802 28
1803 28
1804 28
1805 28
1806 28
1807 28
1808 28
1809 28
1810 28
1811 28
1812 28
1813 28
1814 28
1815 28
1816 28
1817 28
1818 28
1819 28
1820 28
1821 28
1822 28
1823 28
1824 28
1825 28
1826 28
1827 28
1828 28
1829 28
1830 28
1831 28
1832 28
1833 28
1834 28
1835 28
1836 28
1837 28
1838 28
1839 28
1840 28
1841 28
1842 28
1843 28
1844 28
1845 28
1846 28
1847 28
1848 28
1849 28
1850 28
1851 28
1852 28
1853 28
1854 28
1855 28
1856 28
1857 28
1858 28
1859 28
1860 28
1861 28
1862 28
1863 28
1864 28
1865 28
1866 28
1867 28
1868 28
1869 28
1870 28
1871 28
1872 28
1873 28
1874 28
1875 28
1876 28
1877 28
1878 28
1879 28
1880 28
1881 28
1882 28
1883 28
1884 28
1885 28
1886 28
1887 28
1888 28
1889 28
1890 28
1891 28
1892 28
1893 28
1894 28
1895 26
1896 26
1897 26
1898 26
1899 26
1900 26
1901 26
1902 26
1903 26
1904 26
1905 26
1906 26
1907 26
1908 26
1909 26
1910 26
1911 26
1912 26
1913 26
1914 26
1915 26
1916 26
1917 26
1918 26
1919 26
1920 26
1921 26
1922 26
1923 26
1924 26
1925 26
1926 26
1927 26
1928 26
1929 26
1930 26
1931 26
1932 26
1933 26
1934 26
1935 26
1936 26
1937 26
1938 26
1939 26
1940 26
1941 26
1942 26
1943 26
1944 26
1945 26
1946 26
1947 26
1948 26
1949 26
1950 26
1951 26
1952 26
1953 26
1954 27
1955 27
1956 27
1957 27
1958 27
1959 27
1960 27
1961 27
1962 27
1963 27
1964 27
1965 27
1966 27
1967 27
1968 27
1969 27
1970 27
1971 27
1972 27
1973 27
1974 27
1975 27
1976 27
1977 27
1978 27
1979 27
1980 27
1981 27
1982 27
1983 27
1984 27
1985 27
1986 27
1987 27
1988 27
1989 27
1990 27
1991 27
1992 27
1993 27
1994 27
1995 27
1996 27
1997 27
1998 27
1999 27
2000 27
2001 27
2002 27
2003 27
2004 27
2005 27
2006 27
2007 27
2008 27
2009 27
2010 27
2011 27
2012 27
2013 27
2014 28
2015 28
2016 28
2017 28
2018 28
2019 28
2020 28
2021 28
2022 28
2023 28
2024 28
2025 28
2026 28
2027 28
2028 28
2029 28
2030 28
2031 28
2032 28
2033 28
2034 28
2035 28
2036 28
2037 28
2038 28
2039 28
2040 28
2041 28
2042 28
2043 28
2044 28
2045 28
2046 28
2047 28
2048 28
2049 28
2050 28
2051 28
2052 28
2053 28
2054 28
2055 28
2056 28
2057 28
2058 28
2059 28
2060 28
2061 28
2062 28
2063 28
2064 28
2065 28
2066 28
2067 28
2068 28
2069 28
2070 22
2071 22
2072 22
2073 22
2074 22
2075 22
2076 22
2077 22
2078 22
2079 22
2080 22
2081 22
2082 22
2083 22
2084 22
2085 22
2086 22
2087 22
2088 22
2089 22
2090 22
2091 22
2092 22
2093 22
2094 22
2095 22
2096 22
2097 22
2098 22
2099 22
2100 22
2101 22
2102 22
2103 22
2104 22
2105 22
2106 22
2107 22
2108 22
2109 22
2110 22
2111 22
2112 22
2113 22
2114 22
2115 22
2116 22
2117 22
2118 22
2119 22
2120 22
2121 22
2122 22
2123 22
2124 22
2125 22
2126 22
2127 22
2128 22
2129 22
2130 22
2131 22
2132 22
2133 22
2134 25
2135 25
2136 25
2137 25
2138 25
2139 25
2140 25
2141 25
2142 25
2143 25
2144 25
2145 25
2146 25
2147 25
2148 25
2149 25
2150 25
2151 25
2152 25
2153 25
2154 25
2155 25
2156 25
2157 25
2158 25
2159 25
2160 25
2161 25
2162 25
2163 25
2164 25
2165 25
2166 25
2167 25
2168 25
2169 25
2170 25
2171 25
2172 25
2173 25
2174 25
2175 25
2176 25
2177 25
2178 25
2179 25
2180 25
2181 25
2182 25
2183 25
2184 25
2185 25
2186 25
2187 25
2188 25
2189 25
2190 25
2191 25
2192 25
2193 25
2194 25
2195 26
2196 26
2197 26
2198 26
2199 26
2200 26
2201 26
2202 26
2203 26
2204 26
2205 26
2206 26
2207 26
2208 26
2209 26
2210 26
2211 26
2212 26
2213 26
2214 26
2215 26
2216 26
2217 26
2218 26
2219 26
2220 26
2221 26
2222 26
2223 26
2224 26
2225 26
2226 26
2227 26
2228 26
2229 26
2230 26
2231 26
2232 26
2233 26
2234 26
2235 26
2236 26
2237 26
2238 26
2239 26
2240 26
2241 26
2242 26
2243 26
2244 26
2245 26
2246 26
2247 26
2248 26
2249 26
2250 26
2251 26
2252 26
2253 26
2254 26
2255 23
2256 23
2257 23
2258 23
2259 23
2260 23
2261 23
2262 23
2263 23
2264 23
2265 23
2266 23
2267 23
2268 23
2269 23
2270 23
2271 23
2272 23
2273 23
2274 23
2275 23
2276 23
2277 23
2278 23
2279 23
2280 23
2281 23
2282 23
2283 23
2284 23
2285 23
2286 23
2287 23
2288 23
2289 23
2290 23
2291 23
2292 23
2293 23
2294 23
2295 23
2296 23
2297 23
2298 23
2299 23
2300 23
2301 23
2302 23
2303 23
2304 23
2305 23
2306 23
2307 23
2308 23
2309 23
2310 23
2311 23
2312 23
2313 23
2314 23
2315 23
2316 23
2317 23
2318 23
2319 23
2320 23
2321 23
2322 23
2323 23
2324 23
2325 23
2326 23
2327 23
2328 23
2329 23
2330 23
2331 23
2332 23
2333 23
2334 23
2335 23
2336 23
2337 23
2338 23
2339 23
2340 23
2341 23
2342 23
2343 23
2344 23
2345 23
2346 23
2347 23
2348 23
2349 23
2350 23
2351 23
2352 23
2353 23
2354 23
2355 23
2356 23
2357 23
2358 23
2359 23
2360 23
2361 23
2362 23
2363 23
2364 23
2365 23
2366 23
2367 23
2368 23
2369 23
2370 23
2371 23
2372 23
2373 23
2374 23
2375 24
2376 24
2377 24
2378 24
2379 24
2380 24
2381 24
2382 24
2383 24
2384 24
2385 24
2386 24
2387 24
2388 24
2389 24
2390 24
2391 24
2392 24
2393 24
2394 24
2395 24
2396 24
2397 24
2398 24
2399 24
2400 24
2401 24
2402 24
2403 24
2404 24
2405 24
2406 24
2407 24
2408 24
2409 24
2410 24
2411 24
2412 24
2413 24
2414 24
2415 24
2416 24
2417 24
2418 24
2419 24
2420 24
2421 24
2422 24
2423 24
2424 24
2425 24
2426 24
2427 24
2428 24
2429 24
2430 24
2431 24
2432 24
2433 24
2434 22
2435 22
2436 22
2437 22
2438 22
2439 22
2440 22
2441 22
2442 22
2443 22
2444 22
2445 22
2446 22
2447 22
2448 22
2449 22
2450 22
2451 22
2452 22
2453 22
2454 22
2455 22
2456 22
2457 22
2458 22
2459 22
2460 22
2461 22
2462 22
2463 22
2464 22
2465 22
2466 22
2467 22
2468 22
2469 22
2470 22
2471 22
2472 22
2473 22
2474 22
2475 22
2476 22
2477 22
2478 22
2479 22
2480 22
2481 22
2482 22
2483 22
2484 22
2485 22
2486 22
2487 22
2488 22
2489 22
2490 22
2491 22
2492 22
2493 22
2494 22
2495 22
2496 22
2497 22
2498 22
2499 22
2500 22
2501 22
2502 22
2503 22
2504 22
2505 22
2506 22
2507 22
2508 22
2509 22
2510 22
2511 22
2512 22
2513 22
2514 22
2515 22
2516 22
2517 22
2518 22
2519 22
2520 22
2521 22
2522 22
2523 22
2524 22
2525 22
2526 22
2527 22
2528 22
2529 22
2530 22
2531 22
2532 22
2533 22
2534 22
2535 22
2536 22
2537 22
2538 22
2539 22
2540 22
2541 22
2542 22
2543 22
2544 22
2545 22
2546 22
2547 22
2548 22
2549 22
2550 22
2551 22
2552 22
2553 22
2554 22
2555 22
2556 22
2557 22
2558 22
2559 22
2560 22
2561 22
2562 22
2563 22
2564 22
2565 22
2566 22
2567 22
2568 22
2569 22
2570 22
2571 22
2572 22
2573 22
2574 22
2575 22
2576 22
2577 22
2578 22
2579 22
2580 22
2581 22
2582 22
2583 22
2584 22
2585 22
2586 22
2587 22
2588 22
2589 22
2590 22
2591 22
2592 22
2593 22
2594 22
2595 22
2596 22
2597 22
2598 22
2599 22
2600 22
2601 22
2602 22
2603 22
2604 22
2605 22
2606 22
2607 22
2608 22
2609 22
2610 22
2611 22
2612 22
2613 22
2614 21
2615 21
2616 21
2617 21
2618 21
2619 21
2620 21
2621 21
2622 21
2623 21
2624 21
2625 21
2626 21
2627 21
2628 21
2629 21
2630 21
2631 21
2632 21
2633 21
2634 21
2635 21
2636 21
2637 21
2638 21
2639 21
2640 21
2641 21
2642 21
2643 21
2644 21
2645 21
2646 21
2647 21
2648 21
2649 21
2650 21
2651 21
2652 21
2653 21
2654 21
2655 21
2656 21
2657 21
2658 21
2659 21
2660 21
2661 21
2662 21
2663 21
2664 21
2665 21
2666 21
2667 21
2668 21
2669 21
2670 21
2671 21
2672 21
2673 21
2674 21
2675 19
2676 19
2677 19
2678 19
2679 19
2680 19
2681 19
2682 19
2683 19
2684 19
2685 19
2686 19
2687 19
2688 19
2689 19
2690 19
2691 19
