x_0 f(x)
1 15
2 34
3 142
4 294
5 544
6 830
7 1182
8 1617
9 1617
10 2137
11 2920
12 3575
13 4392
14 5083
15 5978
16 6990
17 7656
18 8670
19 9981
20 10811
21 11800
22 13020
23 14388
24 16031
25 16980
26 18625
27 19565
28 21384
29 23072
30 24795
31 26550
32 28303
33 30304
34 32868
35 34442
36 36540
37 38556
38 41514
39 42009
40 44928
41 47400
42 49651
43 51387
44 54825
45 57376
46 59805
47 63779
48 67445
49 71496
50 71442
1 0
2 0
3 0
4 0
5 290
6 290
7 290
8 290
9 290
10 290
11 290
12 290
13 290
14 290
15 3270
16 3270
17 3270
18 3270
19 3270
20 3270
21 3270
22 3270
23 3270
24 3270
25 3270
26 3270
27 3270
28 3270
29 3270
30 3270
1 0
2 0
3 0
4 0
5 174
6 174
7 174
8 174
9 174
10 174
11 174
12 174
13 174
14 174
15 174
16 174
17 174
18 174
19 174
20 174
21 174
22 174
23 174
24 174
25 174
26 174
27 174
28 174
29 174
30 174
31 174
32 174
33 174
34 174
35 174
36 174
37 174
38 1101
39 1101
40 1101
41 1101
42 1101
43 1101
44 1101
45 1101
46 1101
47 1101
48 1101
49 1101
50 1101
51 1101
52 1101
53 1101
54 1101
55 1101
56 1101
57 1101
58 1101
59 1101
60 1101
61 2644
62 2644
63 2644
64 2644
65 2644
66 2644
67 2644
68 2644
69 2644
70 2644
71 2644
72 2644
73 2644
74 2644
75 2644
76 2644
77 2644
78 2644
79 2644
80 2644
81 2644
82 2644
83 2644
84 2644
85 2644
86 2644
87 2644
88 2644
89 2644
90 2644
91 2644
92 2644
93 2644
94 2644
95 2644
96 2644
97 2644
98 2644
99 2644
100 2644
101 2644
102 2644
103 2644
104 2644
105 2644
106 2644
107 2644
108 2644
109 2644
110 2644
111 2644
112 2644
113 2644
114 2644
115 2644
116 2644
117 2644
118 2644
119 2644
120 5310
121 5310
122 5310
123 5310
124 5310
125 5310
126 5310
127 5310
128 5310
129 5310
130 5310
131 5310
132 5310
133 5310
134 5310
135 5310
136 5310
137 5310
138 5310
139 5310
140 5310
141 5310
142 5310
143 5310
144 5310
145 5310
146 5310
147 5310
148 5310
149 5310
150 5310
151 5310
152 5310
153 5310
154 5310
155 5310
156 5310
157 5310
158 5310
159 5310
160 5310
161 5310
162 5310
163 5310
164 5310
165 5310
166 5310
167 5310
168 5310
169 5310
170 5310
171 5310
172 5310
173 5310
174 5310
175 5310
176 5310
177 5310
178 5310
179 5310
180 5310
181 5310
182 9331
183 9331
184 9331
185 9331
186 9331
187 9331
188 9331
189 9331
190 9331
191 9331
192 9331
193 9331
194 9331
195 9331
196 9331
197 9331
198 9331
199 9331
200 9331
201 9331
202 9331
203 9331
204 9331
205 9331
206 9331
207 9331
208 9331
209 9331
210 9331
211 9331
212 9331
213 9331
214 9331
215 9331
216 9331
217 9331
218 9331
219 9331
220 9331
221 9331
222 9331
223 9331
224 9331
225 9331
226 9331
227 9331
228 9331
229 9331
230 9331
231 9331
232 9331
233 9331
234 9331
235 9331
236 9331
237 9331
238 9331
239 9331
240 9331
241 12449
242 12449
243 12449
244 12449
245 12449
246 12449
247 12449
248 12449
249 12449
250 12449
251 12449
252 12449
253 12449
254 12449
255 12449
256 12449
257 12449
258 12449
259 12449
260 12449
261 12449
262 12449
263 12449
264 12449
265 12449
266 12449
267 12449
268 12449
269 12449
270 12449
271 12449
272 12449
273 12449
274 12449
275 12449
276 12449
277 12449
278 12449
279 12449
280 12449
281 12449
282 12449
283 12449
284 12449
285 12449
286 12449
287 12449
288 12449
289 12449
290 12449
291 12449
292 12449
293 12449
294 12449
295 12449
296 12449
297 12449
298 12449
299 12449
300 12449
301 16230
302 16230
303 16230
304 16230
305 16230
306 16230
307 16230
308 16230
309 16230
310 16230
311 16230
312 16230
313 16230
314 16230
315 16230
316 16230
317 16230
318 16230
319 16230
320 16230
321 16230
322 16230
323 16230
324 16230
325 16230
326 16230
327 16230
328 16230
329 16230
330 16230
331 16230
332 16230
333 16230
334 16230
335 16230
336 16230
337 16230
338 16230
339 16230
340 16230
341 16230
342 16230
343 16230
344 16230
345 16230
346 16230
347 16230
348 16230
349 16230
350 16230
351 16230
352 16230
353 20768
354 20768
355 20768
356 20768
357 20768
358 20768
359 20768
360 20768
361 20768
362 20768
363 20768
364 20768
365 20768
366 20768
367 20768
368 20768
369 20768
370 20768
371 20768
372 20768
373 20768
374 20768
375 20768
376 20768
377 20768
378 20768
379 20768
380 20768
381 20768
382 20768
383 20768
384 20768
385 20768
386 20768
387 20768
388 20768
389 20768
390 20768
391 20768
392 20768
393 20768
394 20768
395 22375
396 22375
397 22375
398 22375
399 22375
400 22375
401 22375
402 22375
403 22375
404 22375
405 22375
406 22375
407 22375
408 22375
409 22375
410 22375
411 22375
412 22375
413 22375
414 22375
415 22375
416 22375
417 22375
418 22375
419 22375
420 22375
421 22375
422 22375
423 22375
424 22375
425 22375
426 22375
427 22375
428 22375
429 22375
430 22375
431 22375
432 22375
433 22375
434 22375
435 22375
436 22375
437 22375
438 22375
439 22375
440 22375
441 22375
442 22375
443 22375
444 22375
445 22375
446 22375
447 22375
448 22375
449 22375
450 22375
451 22375
452 22375
453 22375
454 22375
455 22375
456 25925
457 25925
458 25925
459 25925
460 25925
461 25925
462 25925
463 25925
464 25925
465 25925
466 25925
467 25925
468 25925
469 25925
470 25925
471 25925
472 25925
473 25925
474 25925
475 25925
476 25925
477 25925
478 25925
479 25925
480 25925
481 25925
482 25925
483 25925
484 25925
485 25925
486 25925
487 25925
488 25925
489 25925
490 25925
491 25925
492 25925
493 25925
494 25925
495 25925
496 25925
497 25925
498 25925
499 25925
500 25925
501 25925
502 25925
503 25925
504 25925
505 25925
506 25925
507 25925
508 25925
509 25925
510 25925
511 25925
512 25925
513 25925
514 25925
515 28615
516 28615
517 28615
518 28615
519 28615
520 28615
521 28615
522 28615
523 28615
524 28615
525 28615
526 28615
527 28615
528 28615
529 28615
530 28615
531 28615
532 28615
533 28615
534 28615
535 28615
536 28615
537 28615
538 28615
539 28615
540 28615
541 28615
542 28615
543 28615
544 28615
545 28615
546 28615
547 28615
548 28615
549 28615
550 28615
551 28615
552 28615
553 28615
554 28615
555 28615
556 28615
557 28615
558 28615
559 28615
560 28615
561 28615
562 28615
563 28615
564 28615
565 28615
566 28615
567 28615
568 28615
569 28615
570 28615
571 28615
572 28615
573 28615
574 28615
575 32670
576 32670
577 32670
578 32670
579 32670
580 32670
581 32670
582 32670
583 32670
584 32670
585 32670
586 32670
587 32670
588 32670
589 32670
590 32670
591 32670
592 32670
593 32670
594 32670
595 32670
596 32670
597 32670
598 32670
599 32670
600 32670
601 32670
602 32670
603 32670
604 32670
605 32670
606 32670
607 32670
608 32670
609 32670
610 32670
611 32670
612 32670
613 32670
614 32670
615 32670
616 32670
617 32670
618 32670
619 32670
620 32670
621 32670
622 32670
623 32670
624 32670
625 32670
626 32670
627 32670
628 32670
629 32670
630 32670
631 32670
632 32670
633 32670
634 32670
635 36270
636 36270
637 36270
638 36270
639 36270
640 36270
641 36270
642 36270
643 36270
644 36270
645 36270
646 36270
647 36270
648 36270
649 36270
650 36270
651 36270
652 36270
653 36270
654 36270
655 36270
656 36270
657 36270
658 36270
659 36270
660 36270
661 36270
662 36270
663 36270
664 36270
665 36270
666 36270
667 36270
668 36270
669 36270
670 36270
671 36270
672 36270
673 36270
674 36270
675 36270
676 36270
677 36270
678 36270
679 36270
680 36270
681 36270
682 36270
683 36270
684 36270
685 36270
686 36270
687 36270
688 36270
689 36270
690 36270
691 36270
692 36270
693 36270
694 36270
695 36270
696 40565
697 40565
698 40565
699 40565
700 40565
701 40565
702 40565
703 40565
704 40565
705 40565
706 40565
707 40565
708 40565
709 40565
710 40565
711 40565
712 40565
713 40565
714 40565
715 40565
716 40565
717 40565
718 40565
719 40565
720 40565
721 40565
722 40565
723 40565
724 40565
725 40565
726 40565
727 40565
728 40565
729 40565
730 40565
731 40565
732 40565
733 40565
734 40565
735 40565
736 40565
737 40565
738 40565
739 40565
740 40565
741 40565
742 40565
743 40565
744 40565
745 40565
746 40565
747 40565
748 40565
749 40565
750 40565
751 40565
752 40565
753 40565
754 40565
755 42775
756 42775
757 42775
758 42775
759 42775
760 42775
761 42775
762 42775
763 42775
764 42775
765 42775
766 42775
767 42775
768 42775
769 42775
770 42775
771 42775
772 42775
773 42775
774 42775
775 42775
776 42775
777 42775
778 42775
779 42775
780 42775
781 42775
782 42775
783 42775
784 42775
785 42775
786 42775
787 42775
788 42775
789 42775
790 42775
791 42775
792 42775
793 42775
794 42775
795 42775
796 42775
797 42775
798 42775
799 42775
800 42775
801 42775
802 42775
803 42775
804 42775
805 42775
806 42775
807 42775
808 42775
809 42775
810 42775
811 42775
812 42775
813 42775
814 42775
815 42775
816 47885
817 47885
818 47885
819 47885
820 47885
821 47885
822 47885
823 47885
824 47885
825 47885
826 47885
827 47885
828 47885
829 47885
830 47885
831 47885
832 47885
833 47885
834 47885
835 47885
836 47885
837 47885
838 47885
839 47885
840 47885
841 47885
842 47885
843 47885
844 47885
845 47885
846 47885
847 47885
848 47885
849 47885
850 47885
851 47885
852 47885
853 47885
854 47885
855 47885
856 47885
857 47885
858 47885
859 47885
860 47885
861 47885
862 47885
863 47885
864 47885
865 47885
866 47885
867 47885
868 47885
869 47885
870 47885
871 47885
872 47885
873 47885
874 47885
875 49855
876 49855
877 49855
878 49855
879 49855
880 49855
881 49855
882 49855
883 49855
884 49855
885 49855
886 49855
887 49855
888 49855
889 49855
890 49855
891 49855
892 49855
893 49855
894 49855
895 49855
896 49855
897 49855
898 49855
899 49855
900 49855
901 49855
902 49855
903 49855
904 49855
905 49855
906 49855
907 49855
908 49855
909 49855
910 49855
911 49855
912 49855
913 49855
914 49855
915 49855
916 49855
917 49855
918 49855
919 49855
920 49855
921 49855
922 49855
923 49855
924 49855
925 49855
926 49855
927 49855
928 49855
929 49855
930 49855
931 49855
932 49855
933 49855
934 49855
935 54270
936 54270
937 54270
938 54270
939 54270
940 54270
941 54270
942 54270
943 54270
944 54270
945 54270
946 54270
947 54270
948 54270
949 54270
950 54270
951 54270
952 54270
953 54270
954 54270
955 54270
956 54270
957 54270
958 54270
959 54270
960 54270
961 54270
962 54270
963 54270
964 54270
965 54270
966 54270
967 54270
968 54270
969 54270
970 54270
971 54270
972 54270
973 54270
974 54270
975 54270
976 54270
977 54270
978 54270
979 54270
980 54270
981 54270
982 54270
983 54270
984 54270
985 54270
986 54270
987 54270
988 54270
989 54270
990 54270
991 54270
992 54270
993 54270
994 54270
995 57870
996 57870
997 57870
998 57870
999 57870
1000 57870
1001 57870
1002 57870
1003 57870
1004 57870
1005 57870
1006 57870
1007 57870
1008 57870
1009 57870
1010 57870
1011 57870
1012 57870
1013 57870
1014 57870
1015 57870
1016 57870
1017 57870
1018 57870
1019 57870
1020 57870
1021 57870
1022 57870
1023 57870
1024 57870
1025 57870
1026 57870
1027 57870
1028 57870
1029 57870
1030 57870
1031 57870
1032 57870
1033 57870
1034 57870
1035 57870
1036 57870
1037 57870
1038 57870
1039 57870
1040 57870
1041 57870
1042 57870
1043 57870
1044 57870
1045 57870
1046 57870
1047 57870
1048 57870
1049 57870
1050 57870
1051 57870
1052 57870
1053 57870
1054 57870
1055 61470
1056 61470
1057 61470
1058 61470
1059 61470
1060 61470
1061 61470
1062 61470
1063 61470
1064 61470
1065 61470
1066 61470
1067 61470
1068 61470
1069 61470
1070 61470
1071 61470
1072 61470
1073 61470
1074 61470
1075 61470
1076 61470
1077 61470
1078 61470
1079 61470
1080 61470
1081 61470
1082 61470
1083 61470
1084 61470
1085 61470
1086 61470
1087 61470
1088 61470
1089 61470
1090 61470
1091 61470
1092 61470
1093 61470
1094 61470
1095 61470
1096 61470
1097 61470
1098 61470
1099 61470
1100 61470
1101 61470
1102 61470
1103 61470
1104 61470
1105 61470
1106 61470
1107 61470
1108 61470
1109 61470
1110 61470
1111 61470
1112 61470
1113 61470
1114 61470
1115 65070
1116 65070
1117 65070
1118 65070
1119 65070
1120 65070
1121 65070
1122 65070
1123 65070
1124 65070
1125 65070
1126 65070
1127 65070
1128 65070
1129 65070
1130 65070
1131 65070
1132 65070
1133 65070
1134 65070
1135 65070
1136 65070
1137 65070
1138 65070
1139 65070
1140 65070
1141 65070
1142 65070
1143 65070
1144 65070
1145 65070
1146 65070
1147 65070
1148 65070
1149 65070
1150 65070
1151 65070
1152 65070
1153 65070
1154 65070
1155 65070
1156 65070
1157 65070
1158 65070
1159 65070
1160 65070
1161 65070
1162 65070
1163 65070
1164 65070
1165 65070
1166 65070
1167 65070
1168 65070
1169 65070
1170 65070
1171 65070
1172 65070
1173 65070
1174 67496
1175 67496
1176 67496
1177 67496
1178 67496
1179 67496
1180 67496
1181 67496
1182 67496
1183 67496
1184 67496
1185 67496
1186 67496
1187 67496
1188 67496
1189 67496
1190 67496
1191 67496
1192 67496
1193 67496
1194 67496
1195 67496
1196 67496
1197 67496
1198 67496
1199 67496
1200 67496
1201 67496
1202 67496
1203 67496
1204 67496
1205 67496
1206 67496
1207 67496
1208 67496
1209 67496
1210 67496
1211 67496
1212 67496
1213 67496
1214 67496
1215 67496
1216 67496
1217 67496
1218 67496
1219 67496
1220 67496
1221 67496
1222 67496
1223 67496
1224 67496
1225 67496
1226 67496
1227 67496
1228 67496
1229 67496
1230 67496
1231 67496
1232 67496
1233 70977
1234 70977
1235 70977
1236 70977
1237 70977
1238 70977
1239 70977
1240 70977
1241 70977
1242 70977
1243 70977
1244 70977
1245 70977
1246 70977
1247 70977
1248 70977
1249 70977
1250 70977
1251 70977
1252 70977
1253 70977
1254 70977
1255 70977
1256 70977
1257 70977
1258 70977
1259 70977
1260 70977
1261 70977
1262 70977
1263 70977
1264 70977
1265 70977
1266 70977
1267 70977
1268 70977
1269 70977
1270 70977
1271 70977
1272 70977
1273 70977
1274 70977
1275 70977
1276 70977
1277 70977
1278 70977
1279 70977
1280 70977
1281 70977
1282 70977
1283 70977
1284 70977
1285 70977
1286 70977
1287 70977
1288 70977
1289 70977
1290 70977
1291 70977
1292 70977
1293 70977
1294 77043
1295 77043
1296 77043
1297 77043
1298 77043
1299 77043
1300 77043
1301 77043
1302 77043
1303 77043
1304 77043
1305 77043
1306 77043
1307 77043
1308 77043
1309 77043
1310 77043
1311 77043
1312 77043
1313 77043
1314 77043
1315 77043
1316 77043
1317 77043
1318 77043
1319 77043
1320 77043
1321 77043
1322 77043
1323 77043
1324 77043
1325 77043
1326 77043
1327 77043
1328 77043
1329 77043
1330 77043
1331 77043
1332 77043
1333 77043
1334 77043
1335 77043
1336 77043
1337 77043
1338 77043
1339 77043
1340 77043
1341 77043
1342 77043
1343 77043
1344 77043
1345 77043
1346 77043
1347 77043
1348 77043
1349 77043
1350 77043
1351 77043
1352 77043
1353 77043
1354 79410
1355 79410
1356 79410
1357 79410
1358 79410
1359 79410
1360 79410
1361 79410
1362 79410
1363 79410
1364 79410
1365 79410
1366 79410
1367 79410
1368 79410
1369 79410
1370 79410
1371 79410
1372 79410
1373 79410
1374 79410
1375 79410
1376 79410
1377 79410
1378 79410
1379 79410
1380 79410
1381 79410
1382 79410
1383 79410
1384 79410
1385 79410
1386 79410
1387 79410
1388 79410
1389 79410
1390 79410
1391 79410
1392 79410
1393 79410
1394 79410
1395 79410
1396 79410
1397 79410
1398 79410
1399 79410
1400 79410
1401 79410
1402 79410
1403 79410
1404 79410
1405 79410
1406 79410
1407 79410
1408 79410
1409 79410
1410 79410
1411 79410
1412 79410
1413 79410
1414 79410
1415 84424
1416 84424
1417 84424
1418 84424
1419 84424
1420 84424
1421 84424
1422 84424
1423 84424
1424 84424
1425 84424
1426 84424
1427 84424
1428 84424
1429 84424
1430 84424
1431 84424
1432 84424
1433 84424
1434 84424
1435 84424
1436 84424
1437 84424
1438 84424
1439 84424
1440 84424
1441 84424
1442 84424
1443 84424
1444 84424
1445 84424
1446 84424
1447 84424
1448 84424
1449 84424
1450 84424
1451 84424
1452 84424
1453 84424
1454 84424
1455 84424
1456 84424
1457 84424
1458 84424
1459 84424
1460 84424
1461 84424
1462 84424
1463 84424
1464 84424
1465 84424
1466 84424
1467 84424
1468 84424
1469 84424
1470 84424
1471 84424
1472 84424
1473 84424
1474 84424
1475 86670
1476 86670
1477 86670
1478 86670
1479 86670
1480 86670
1481 86670
1482 86670
1483 86670
1484 86670
1485 86670
1486 86670
1487 86670
1488 86670
1489 86670
1490 86670
1491 86670
1492 86670
1493 86670
1494 86670
1495 86670
1496 86670
1497 86670
1498 86670
1499 86670
1500 86670
1501 86670
1502 86670
1503 86670
1504 86670
1505 86670
1506 86670
1507 86670
1508 86670
1509 86670
1510 86670
1511 86670
1512 86670
1513 86670
1514 86670
1515 86670
1516 86670
1517 86670
1518 86670
1519 86670
1520 86670
1521 86670
1522 86670
1523 86670
1524 86670
1525 86670
1526 86670
1527 86670
1528 86670
1529 86670
1530 86670
1531 86670
1532 86670
1533 86670
1534 86670
1535 90270
1536 90270
1537 90270
1538 90270
1539 90270
1540 90270
1541 90270
1542 90270
1543 90270
1544 90270
1545 90270
1546 90270
1547 90270
1548 90270
1549 90270
1550 90270
1551 90270
1552 90270
1553 90270
1554 90270
1555 90270
1556 90270
1557 90270
1558 90270
1559 90270
1560 90270
1561 90270
1562 90270
1563 90270
1564 90270
1565 90270
1566 90270
1567 90270
1568 90270
1569 90270
1570 90270
1571 90270
1572 90270
1573 90270
1574 90270
1575 90270
1576 90270
1577 90270
1578 90270
1579 90270
1580 90270
1581 90270
1582 90270
1583 90270
1584 90270
1585 90270
1586 90270
1587 90270
1588 90270
1589 90270
1590 90270
1591 90270
1592 90270
1593 90270
1594 92276
1595 92276
1596 92276
1597 92276
1598 92276
1599 92276
1600 92276
1601 92276
1602 92276
1603 92276
1604 92276
1605 92276
1606 92276
1607 92276
1608 92276
1609 92276
1610 92276
1611 92276
1612 92276
1613 92276
1614 92276
1615 92276
1616 92276
1617 92276
1618 92276
1619 92276
1620 92276
1621 92276
1622 92276
1623 92276
1624 92276
1625 92276
1626 92276
1627 92276
1628 92276
1629 92276
1630 92276
1631 92276
1632 92276
1633 92276
1634 92276
1635 92276
1636 92276
1637 92276
1638 92276
1639 92276
1640 92276
1641 92276
1642 92276
1643 92276
1644 92276
1645 92276
1646 92276
1647 92276
1648 92276
1649 92276
1650 92276
1651 92276
1652 92276
1653 92276
1654 92276
1655 99064
1656 99064
1657 99064
1658 99064
1659 99064
1660 99064
1661 99064
1662 99064
1663 99064
1664 99064
1665 99064
1666 99064
1667 99064
1668 99064
1669 99064
1670 99064
1671 99064
1672 99064
1673 99064
1674 99064
1675 99064
1676 99064
1677 99064
1678 99064
1679 99064
1680 99064
1681 99064
1682 99064
1683 99064
1684 99064
1685 99064
1686 99064
1687 99064
1688 99064
1689 99064
1690 99064
1691 99064
1692 99064
1693 99064
1694 99064
1695 99064
1696 99064
1697 99064
1698 99064
1699 99064
1700 99064
1701 99064
1702 99064
1703 99064
1704 99064
1705 99064
1706 99064
1707 99064
1708 99064
1709 99064
1710 99064
1711 99064
1712 99064
1713 99064
1714 99356
1715 99356
1716 99356
1717 99356
1718 99356
1719 99356
1720 99356
1721 99356
1722 99356
1723 99356
1724 99356
1725 99356
1726 99356
1727 99356
1728 99356
1729 99356
1730 99356
1731 99356
1732 99356
1733 99356
1734 99356
1735 99356
1736 99356
1737 99356
1738 99356
1739 99356
1740 99356
1741 99356
1742 99356
1743 99356
1744 99356
1745 99356
1746 99356
1747 99356
1748 99356
1749 99356
1750 99356
1751 99356
1752 99356
1753 99356
1754 99356
1755 99356
1756 99356
1757 99356
1758 99356
1759 99356
1760 99356
1761 99356
1762 99356
1763 99356
1764 99356
1765 99356
1766 99356
1767 99356
1768 99356
1769 99356
1770 99356
1771 99356
1772 99356
1773 99356
1774 99356
1775 106384
1776 106384
1777 106384
1778 106384
1779 106384
1780 106384
1781 106384
1782 106384
1783 106384
1784 106384
1785 106384
1786 106384
1787 106384
1788 106384
1789 106384
1790 106384
1791 106384
1792 106384
1793 106384
1794 106384
1795 106384
1796 106384
1797 106384
1798 106384
1799 106384
1800 106384
1801 106384
1802 106384
1803 106384
1804 106384
1805 106384
1806 106384
1807 106384
1808 106384
1809 106384
1810 106384
1811 106384
1812 106384
1813 106384
1814 106384
1815 106384
1816 106384
1817 106384
1818 106384
1819 106384
1820 106384
1821 106384
1822 106384
1823 106384
1824 106384
1825 106384
1826 106384
1827 106384
1828 106384
1829 106384
1830 106384
1831 106384
1832 106384
1833 106384
1834 106384
1835 108270
1836 108270
1837 108270
1838 108270
1839 108270
1840 108270
1841 108270
1842 108270
1843 108270
1844 108270
1845 108270
1846 108270
1847 108270
1848 108270
1849 108270
1850 108270
1851 108270
1852 108270
1853 108270
1854 108270
1855 108270
1856 108270
1857 108270
1858 108270
1859 108270
1860 108270
1861 108270
1862 108270
1863 108270
1864 108270
1865 108270
1866 108270
1867 108270
1868 108270
1869 108270
1870 108270
1871 108270
1872 108270
1873 108270
1874 108270
1875 108270
1876 108270
1877 108270
1878 108270
1879 108270
1880 108270
1881 108270
1882 108270
1883 108270
1884 108270
1885 108270
1886 108270
1887 108270
1888 108270
1889 108270
1890 108270
1891 108270
1892 108270
1893 108270
1894 108270
1895 108270
1896 113765
1897 113765
1898 113765
1899 113765
1900 113765
1901 113765
1902 113765
1903 113765
1904 113765
1905 113765
1906 113765
1907 113765
1908 113765
1909 113765
1910 113765
1911 113765
1912 113765
1913 113765
1914 113765
1915 113765
1916 113765
1917 113765
1918 113765
1919 113765
1920 113765
1921 113765
1922 113765
1923 113765
1924 113765
1925 113765
1926 113765
1927 113765
1928 113765
1929 113765
1930 113765
1931 113765
1932 113765
1933 113765
1934 113765
1935 113765
1936 113765
1937 113765
1938 113765
1939 113765
1940 113765
1941 113765
1942 113765
1943 113765
1944 113765
1945 113765
1946 113765
1947 113765
1948 113765
1949 113765
1950 113765
1951 113765
1952 113765
1953 113765
1954 111621
1955 111621
1956 111621
1957 111621
1958 111621
1959 111621
1960 111621
1961 111621
1962 111621
1963 111621
1964 111621
1965 111621
1966 111621
1967 111621
1968 111621
1969 111621
1970 111621
1971 111621
1972 111621
1973 111621
1974 111621
1975 111621
1976 111621
1977 111621
1978 111621
1979 111621
1980 111621
1981 111621
1982 111621
1983 111621
1984 111621
1985 111621
1986 111621
1987 111621
1988 111621
1989 111621
1990 111621
1991 111621
1992 111621
1993 111621
1994 111621
1995 111621
1996 111621
1997 111621
1998 111621
1999 111621
2000 111621
2001 111621
2002 111621
2003 111621
2004 111621
2005 111621
2006 111621
2007 111621
2008 111621
2009 111621
2010 111621
2011 111621
2012 111621
2013 111621
2014 119010
2015 119010
2016 119010
2017 119010
2018 119010
2019 119010
2020 119010
2021 119010
2022 119010
2023 119010
2024 119010
2025 119010
2026 119010
2027 119010
2028 119010
2029 119010
2030 119010
2031 119010
2032 119010
2033 119010
2034 119010
2035 119010
2036 119010
2037 119010
2038 119010
2039 119010
2040 119010
2041 119010
2042 119010
2043 119010
2044 119010
2045 119010
2046 119010
2047 119010
2048 119010
2049 119010
2050 119010
2051 119010
2052 119010
2053 119010
2054 119010
2055 119010
2056 119010
2057 119010
2058 119010
2059 119010
2060 119010
2061 119010
2062 119010
2063 119010
2064 119010
2065 119010
2066 119010
2067 119010
2068 119010
2069 119010
2070 119010
2071 119010
2072 119010
2073 119010
2074 119010
2075 119010
2076 119010
2077 119010
2078 130912
2079 130912
2080 130912
2081 130912
2082 130912
2083 130912
2084 130912
2085 130912
2086 130912
2087 130912
2088 130912
2089 130912
2090 130912
2091 130912
2092 130912
2093 130912
2094 130912
2095 130912
2096 130912
2097 130912
2098 130912
2099 130912
2100 130912
2101 130912
2102 130912
2103 130912
2104 130912
2105 130912
2106 130912
2107 130912
2108 130912
2109 130912
2110 130912
2111 130912
2112 130912
2113 130912
2114 130912
2115 130912
2116 130912
2117 130912
2118 130912
2119 130912
2120 130912
2121 130912
2122 130912
2123 130912
2124 130912
2125 130912
2126 130912
2127 130912
2128 130912
2129 130912
2130 130912
2131 130912
2132 130912
2133 130912
2134 117908
2135 117908
2136 117908
2137 117908
2138 117908
2139 117908
2140 117908
2141 117908
2142 117908
2143 117908
2144 117908
2145 117908
2146 117908
2147 117908
2148 117908
2149 117908
2150 117908
2151 117908
2152 117908
2153 117908
2154 117908
2155 117908
2156 117908
2157 117908
2158 117908
2159 117908
2160 117908
2161 117908
2162 117908
2163 117908
2164 117908
2165 117908
2166 117908
2167 117908
2168 117908
2169 117908
2170 117908
2171 117908
2172 117908
2173 117908
2174 117908
2175 117908
2176 117908
2177 117908
2178 117908
2179 117908
2180 117908
2181 117908
2182 117908
2183 117908
2184 117908
2185 117908
2186 117908
2187 117908
2188 117908
2189 117908
2190 117908
2191 117908
2192 117908
2193 117908
2194 117908
2195 132004
2196 132004
2197 132004
2198 132004
2199 132004
2200 132004
2201 132004
2202 132004
2203 132004
2204 132004
2205 132004
2206 132004
2207 132004
2208 132004
2209 132004
2210 132004
2211 132004
2212 132004
2213 132004
2214 132004
2215 132004
2216 132004
2217 132004
2218 132004
2219 132004
2220 132004
2221 132004
2222 132004
2223 132004
2224 132004
2225 132004
2226 132004
2227 132004
2228 132004
2229 132004
2230 132004
2231 132004
2232 132004
2233 132004
2234 132004
2235 132004
2236 132004
2237 132004
2238 132004
2239 132004
2240 132004
2241 132004
2242 132004
2243 132004
2244 132004
2245 132004
2246 132004
2247 132004
2248 132004
2249 132004
2250 132004
2251 132004
2252 132004
2253 132004
2254 132004
2255 132004
2256 135725
2257 135725
2258 135725
2259 135725
2260 135725
2261 135725
2262 135725
2263 135725
2264 135725
2265 135725
2266 135725
2267 135725
2268 135725
2269 135725
2270 135725
2271 135725
2272 135725
2273 135725
2274 135725
2275 135725
2276 135725
2277 135725
2278 135725
2279 135725
2280 135725
2281 135725
2282 135725
2283 135725
2284 135725
2285 135725
2286 135725
2287 135725
2288 135725
2289 135725
2290 135725
2291 135725
2292 135725
2293 135725
2294 135725
2295 135725
2296 135725
2297 135725
2298 135725
2299 135725
2300 135725
2301 135725
2302 135725
2303 135725
2304 135725
2305 135725
2306 135725
2307 135725
2308 135725
2309 135725
2310 135725
2311 135725
2312 135725
2313 135725
2314 135725
2315 135725
2316 137130
2317 137130
2318 137130
2319 137130
2320 137130
2321 137130
2322 137130
2323 137130
2324 137130
2325 137130
2326 137130
2327 137130
2328 137130
2329 137130
2330 137130
2331 137130
2332 137130
2333 137130
2334 137130
2335 137130
2336 137130
2337 137130
2338 137130
2339 137130
2340 137130
2341 137130
2342 137130
2343 137130
2344 137130
2345 137130
2346 137130
2347 137130
2348 137130
2349 137130
2350 137130
2351 137130
2352 137130
2353 137130
2354 137130
2355 137130
2356 137130
2357 137130
2358 137130
2359 137130
2360 137130
2361 137130
2362 137130
2363 137130
2364 137130
2365 137130
2366 137130
2367 137130
2368 137130
2369 137130
2370 137130
2371 137130
2372 137130
2373 137130
2374 137130
2375 138355
2376 138355
2377 138355
2378 138355
2379 138355
2380 138355
2381 138355
2382 138355
2383 138355
2384 138355
2385 138355
2386 138355
2387 138355
2388 138355
2389 138355
2390 138355
2391 138355
2392 138355
2393 138355
2394 138355
2395 138355
2396 138355
2397 138355
2398 138355
2399 138355
2400 138355
2401 138355
2402 138355
2403 138355
2404 138355
2405 138355
2406 138355
2407 138355
2408 138355
2409 138355
2410 138355
2411 138355
2412 138355
2413 138355
2414 138355
2415 138355
2416 138355
2417 138355
2418 138355
2419 138355
2420 138355
2421 138355
2422 138355
2423 138355
2424 138355
2425 138355
2426 138355
2427 138355
2428 138355
2429 138355
2430 138355
2431 138355
2432 138355
2433 138355
2434 141836
2435 141836
2436 141836
2437 141836
2438 141836
2439 141836
2440 141836
2441 141836
2442 141836
2443 141836
2444 141836
2445 141836
2446 141836
2447 141836
2448 141836
2449 141836
2450 141836
2451 141836
2452 141836
2453 141836
2454 141836
2455 141836
2456 141836
2457 141836
2458 141836
2459 141836
2460 141836
2461 141836
2462 141836
2463 141836
2464 141836
2465 141836
2466 141836
2467 141836
2468 141836
2469 141836
2470 141836
2471 141836
2472 141836
2473 141836
2474 141836
2475 141836
2476 141836
2477 141836
2478 141836
2479 141836
2480 141836
2481 141836
2482 141836
2483 141836
2484 141836
2485 141836
2486 141836
2487 141836
2488 141836
2489 141836
2490 141836
2491 141836
2492 141836
2493 145317
2494 145317
2495 145317
2496 145317
2497 145317
2498 145317
2499 145317
2500 145317
2501 145317
2502 145317
2503 145317
2504 145317
2505 145317
2506 145317
2507 145317
2508 145317
2509 145317
2510 145317
2511 145317
2512 145317
2513 145317
2514 145317
2515 145317
2516 145317
2517 145317
2518 145317
2519 145317
2520 145317
2521 145317
2522 145317
2523 145317
2524 145317
2525 145317
2526 145317
2527 145317
2528 145317
2529 145317
2530 145317
2531 145317
2532 145317
2533 145317
2534 145317
2535 145317
2536 145317
2537 145317
2538 145317
2539 145317
2540 145317
2541 145317
2542 145317
2543 145317
2544 145317
2545 145317
2546 145317
2547 145317
2548 145317
2549 145317
2550 145317
2551 145317
2552 145317
2553 145317
2554 153903
2555 153903
2556 153903
2557 153903
2558 153903
2559 153903
2560 153903
2561 153903
2562 153903
2563 153903
2564 153903
2565 153903
2566 153903
2567 153903
2568 153903
2569 153903
2570 153903
2571 153903
2572 153903
2573 153903
2574 153903
2575 153903
2576 153903
2577 153903
2578 153903
2579 153903
2580 153903
2581 153903
2582 153903
2583 153903
2584 153903
2585 153903
2586 153903
2587 153903
2588 153903
2589 153903
2590 153903
2591 153903
2592 153903
2593 153903
2594 153903
2595 153903
2596 153903
2597 153903
2598 153903
2599 153903
2600 153903
2601 153903
2602 153903
2603 153903
2604 153903
2605 153903
2606 153903
2607 153903
2608 153903
2609 153903
2610 153903
2611 153903
2612 153903
2613 153903
2614 155010
2615 155010
2616 155010
2617 155010
2618 155010
2619 155010
2620 155010
2621 155010
2622 155010
2623 155010
2624 155010
2625 155010
2626 155010
2627 155010
2628 155010
2629 155010
2630 155010
2631 155010
2632 155010
2633 155010
2634 155010
2635 155010
2636 155010
2637 155010
2638 155010
2639 155010
2640 155010
2641 155010
2642 155010
2643 155010
2644 155010
2645 155010
2646 155010
2647 155010
2648 155010
2649 155010
2650 155010
2651 155010
2652 155010
2653 155010
2654 155010
2655 155010
2656 155010
2657 155010
2658 155010
2659 155010
2660 155010
2661 155010
2662 155010
2663 155010
2664 155010
2665 155010
2666 155010
2667 155010
2668 155010
2669 155010
2670 155010
2671 155010
2672 155010
2673 155010
2674 155010
2675 161284
2676 161284
2677 161284
2678 161284
2679 161284
2680 161284
2681 161284
2682 161284
2683 161284
2684 161284
2685 161284
2686 161284
2687 161284
2688 161284
2689 161284
2690 161284
2691 161284
